ObjectType = Scene
NDims = 3
NObjects = 125
ObjectType = Group
NDims = 3
ID = 2
Color = 1 0 0 1
TransformMatrix = 1 0 0 0 1 0 0 0 1
Offset = 0 0 0
CenterOfRotation = 0 0 0
ElementSpacing = 2 2 2
EndGroup = 
ObjectType = Tube
ObjectSubType = DTI
NDims = 3
ID = 1
ParentID = 2
Color = 1 0 0 1
TransformMatrix = 1 0 0 0 1 0 0 0 1
Offset = 0 0 0
CenterOfRotation = 0 0 0
ElementSpacing = 2 2 2
PointDim = x y z fa adc ga i l1 l2 l3 xevmin yevmin zevmin xevmed yevmed zevmed xevmax yevmax zevmax mri1 mri2 mri3 mri4 mri5 tensor1 tensor2 tensor3 tensor4 tensor5 tensor6 v1x v1y v1z v2x v2y v2z tx ty tz r red green blue alpha id
NPoints = 23
Points = 
61.6028 67.9238 36.1915 0.3244 0.0011 0.4576 0 0.00152801 0.000987316 0.000812099 -0.934529 0.353902 -0.0375416 -0.329849 -0.900929 -0.282004 -0.133624 -0.251157 0.958679 0 0 0 0 0 0.000843945 7.60959e-005 -7.54114e-005 0.000999478 -0.00012786 0.001484 0 0 0 0 0 0 0 0 0 0.5 0.133624 0.251157 0.958679 1 -1 
61.7848 67.9962 35.1915 0.2709 0.0013 0.3917 0 0.00169415 0.00125231 0.000974264 0.955758 -0.249424 0.15593 -0.233688 -0.965783 -0.112488 -0.178651 -0.0710726 0.981342 0 0 0 0 0 0.00101242 7.18939e-005 -0.0001189 0.00123725 -2.00027e-005 0.00167106 0 0 0 0 0 0 0 0 0 0.5 0.178651 0.0710726 0.981342 1 -1 
61.8592 67.5976 34.1915 0.2866 0.00154 0.4051 0 0.00205571 0.00142155 0.00116942 -0.987438 0.107134 -0.116141 -0.142184 -0.923078 0.357365 -0.0689214 0.369389 0.926715 0 0 0 0 0 0.00117873 1.05267e-005 -6.94183e-005 0.00150518 0.000220222 0.00196277 0 0 0 0 0 0 0 0 0 0.5 0.0689214 0.369389 0.926715 1 -1 
61.9967 66.8761 33.1915 0.2814 0.0016 0.3852 0 0.00214552 0.00137128 0.00131085 -0.624066 -0.671836 0.398971 0.773472 -0.458734 0.437383 -0.110828 0.581549 0.805927 0 0 0 0 0 0.00135726 -7.52405e-005 -5.41068e-005 0.00160585 0.000379076 0.00186455 0 0 0 0 0 0 0 0 0 0.5 0.110828 0.581549 0.805927 1 -1 
62.0026 65.8761 32.3731 0.7376 0.00091 1.2349 0 0.00189139 0.000486651 0.000370452 -0.999847 -0.0142425 0.0101888 0.016905 -0.633177 0.773823 -0.00456989 0.773876 0.633321 0 0 0 0 0 0.000370517 -6.62261e-006 -2.88185e-006 0.0013279 0.000688496 0.00105007 0 0 0 0 0 0 0 0 0 0.5 0.00456989 0.773876 0.633321 1 -1 
61.987 64.8761 31.694 0.3403 0.00172 0.476 0 0.00241595 0.0014881 0.00126489 -0.997883 0.0464607 -0.0455011 -0.0637389 -0.56003 0.826017 0.0128953 0.827168 0.561806 0 0 0 0 0 0.00126599 2.02457e-005 -3.41302e-006 0.00212246 0.000431649 0.00178049 0 0 0 0 0 0 0 0 0 0.5 0.0128953 0.827168 0.561806 1 -1 
62.0867 63.876 31.1978 0.6876 0.00113 1.0931 0 0.00221724 0.000646689 0.000533488 -0.992573 -0.0423914 -0.114026 -0.0829695 -0.449585 0.889376 -0.0889662 0.892231 0.442729 0 0 0 0 0 0.000547594 -0.000129431 -7.46727e-005 0.00189676 0.000619845 0.000953059 0 0 0 0 0 0 0 0 0 0.5 0.0889662 0.892231 0.442729 1 -1 
62.1656 62.876 30.7898 0.7788 0.00098 1.398 0 0.00213273 0.000509362 0.000320079 -0.990791 -0.110248 0.078609 0.114124 -0.367514 0.922989 -0.0728677 0.92346 0.376711 0 0 0 0 0 0.000332169 -0.000129913 -2.98191e-005 0.00189143 0.000566373 0.000738566 0 0 0 0 0 0 0 0 0 0.5 0.0728677 0.92346 0.376711 1 -1 
62.2565 61.876 30.5553 0.5463 0.00129 0.8 0 0.00220324 0.000914901 0.000765953 -0.995129 -0.0958098 0.0232141 0.0443074 -0.224325 0.973507 -0.088064 0.969793 0.227477 0 0 0 0 0 0.000777392 -0.000124231 -2.23679e-005 0.00212522 0.000284547 0.000981487 0 0 0 0 0 0 0 0 0 0.5 0.088064 0.969793 0.227477 1 -1 
62.3002 60.876 30.3107 0.4682 0.00168 0.6758 0 0.00265823 0.00133697 0.00106051 -0.998989 -0.0376968 -0.0245144 -0.0148427 -0.238176 0.971109 -0.0424464 0.97049 0.237375 0 0 0 0 0 0.00106345 -6.48389e-005 -2.00831e-005 0.00258101 0.000304124 0.00141125 0 0 0 0 0 0 0 0 0 0.5 0.0424464 0.97049 0.237375 1 -1 
62.2851 59.876 30.0944 0.3686 0.00191 0.5093 0 0.00276193 0.00153816 0.001433 -0.999816 0.0118039 0.0151473 0.0123084 -0.211553 0.977289 0.0147403 0.977295 0.211369 0 0 0 0 0 0.00143331 1.88701e-005 5.40543e-006 0.00270697 0.000252774 0.00159281 0 0 0 0 0 0 0 0 0 0.5 0.0147403 0.977295 0.211369 1 -1 
62.2076 58.876 29.9267 0.366 0.00184 0.5169 0 0.00264477 0.00158529 0.00130285 -0.970454 0.0351495 0.238711 0.228948 -0.178166 0.956995 0.076168 0.983373 0.164854 0 0 0 0 0 0.00132544 8.89916e-005 7.87337e-005 0.00260949 0.000169387 0.00159799 0 0 0 0 0 0 0 0 0 0.5 0.076168 0.983373 0.164854 1 -1 
62.115 57.876 29.8466 0.3368 0.00177 0.4664 0 0.00249112 0.00150266 0.0013403 -0.986508 0.0799841 0.142842 0.135421 -0.0915931 0.986545 0.0919912 0.992579 0.0795259 0 0 0 0 0 0.00135302 0.000103066 3.01094e-005 0.00247547 7.61704e-005 0.0015056 0 0 0 0 0 0 0 0 0 0.5 0.0919912 0.992579 0.0795259 1 -1 
62.0663 56.876 29.8138 0.3282 0.00167 0.4611 0 0.00231214 0.00147002 0.00122802 0.964871 -0.0384261 -0.259897 -0.258191 0.0442443 -0.96508 0.0485832 0.998281 0.0327688 0 0 0 0 0 0.00124671 4.98149e-005 6.20263e-005 0.00230889 2.51309e-005 0.00145458 0 0 0 0 0 0 0 0 0 0.5 0.0485832 0.998281 0.0327688 1 -1 
62.0636 55.876 29.9678 0.4409 0.00138 0.6935 0 0.00208293 0.00129667 0.000781204 -0.989018 0.025147 0.145643 -0.147773 -0.150175 -0.977553 -0.00271056 -0.98834 0.152242 0 0 0 0 0 0.00079247 1.49265e-005 7.39257e-005 0.00206437 -0.000120193 0.00130396 0 0 0 0 0 0 0 0 0 0.5 0.00271056 0.98834 0.152242 1 -1 
62.0295 54.876 30.0275 0.18 0.00237 0.2503 0 0.00286146 0.00224113 0.0020286 -0.963468 0.0485019 0.263395 -0.265664 -0.0484339 -0.962848 -0.0339428 -0.997648 0.0595498 0 0 0 0 0 0.00204456 3.09377e-005 5.26803e-005 0.00285805 -3.95687e-005 0.00222859 0 0 0 0 0 0 0 0 0 0.5 0.0339428 0.997648 0.0595498 1 -1 
61.8937 53.876 30.5689 0.2555 0.00213 0.3509 0 0.0027713 0.00188035 0.00174592 -0.83292 -0.171691 -0.526086 0.540533 -0.456159 -0.706925 -0.118606 -0.873179 0.472748 0 0 0 0 0 0.00179962 7.30463e-005 -0.000108862 0.00255568 -0.000379919 0.00204227 0 0 0 0 0 0 0 0 0 0.5 0.118606 0.873179 0.472748 1 -1 
61.6885 52.876 31.2726 0.237 0.00197 0.3264 0 0.00251383 0.00177395 0.00162472 0.427985 0.459728 0.778125 0.888498 -0.371709 -0.269081 -0.165532 -0.806525 0.567553 0 0 0 0 0 0.00176689 6.94183e-005 -0.000119205 0.00222369 -0.00039206 0.00192192 0 0 0 0 0 0 0 0 0 0.5 0.165532 0.806525 0.567553 1 -1 
61.3877 51.876 32.1118 0.1563 0.00207 0.2216 0 0.00241522 0.00202919 0.00176658 -0.878466 -0.123165 -0.461657 0.421766 -0.653912 -0.628102 -0.224522 -0.746478 0.626387 0 0 0 0 0 0.001846 3.62854e-005 -0.000160792 0.00224032 -0.000195433 0.00212469 0 0 0 0 0 0 0 0 0 0.5 0.224522 0.746478 0.626387 1 -1 
60.9797 50.9471 33.1118 0.3383 0.00199 0.4652 0 0.00280993 0.00164015 0.00154728 -0.69752 -0.360397 -0.619338 -0.656857 0.666996 0.351646 -0.286364 -0.652097 0.701972 0 0 0 0 0 0.00169089 0.000195099 -0.000275266 0.00212551 -0.000556203 0.00218096 0 0 0 0 0 0 0 0 0 0.5 0.286364 0.652097 0.701972 1 -1 
60.7128 49.9471 34 0.236 0.00264 0.3241 0 0.00337942 0.0023648 0.00220359 -0.660982 -0.391959 -0.639899 -0.724434 0.555693 0.407922 -0.195699 -0.733194 0.651252 0 0 0 0 0 0.00233322 0.00010382 -0.000197497 0.00288547 -0.000524911 0.00272912 0 0 0 0 0 0 0 0 0 0.5 0.195699 0.733194 0.651252 1 -1 
60.5 49.5 34.5 0.2633 0.00202 0.3621 0 0.00264639 0.0017823 0.00163805 -0.946327 0.111032 -0.303539 0.113963 -0.764198 -0.634834 -0.302451 -0.635353 0.710528 0 0 0 0 0 0.00173217 0.000181203 -0.000227128 0.00212933 -0.00038522 0.00220525 0 0 0 0 0 0 0 0 0 0.5 0.302451 0.635353 0.710528 1 -1 
60.5 49.5 34.5 0.2633 0.00202 0.3621 0 0.00264639 0.0017823 0.00163805 -0.946327 0.111032 -0.303539 0.113963 -0.764198 -0.634834 -0.302451 -0.635353 0.710528 0 0 0 0 0 0.00173217 0.000181203 -0.000227128 0.00212933 -0.00038522 0.00220525 0 0 0 0 0 0 0 0 0 0.5 0.302451 0.635353 0.710528 1 -1 
ObjectType = Tube
ObjectSubType = DTI
NDims = 3
ID = 1
ParentID = 2
Color = 1 0 0 1
TransformMatrix = 1 0 0 0 1 0 0 0 1
Offset = 0 0 0
CenterOfRotation = 0 0 0
ElementSpacing = 2 2 2
PointDim = x y z fa adc ga i l1 l2 l3 xevmin yevmin zevmin xevmed yevmed zevmed xevmax yevmax zevmax mri1 mri2 mri3 mri4 mri5 tensor1 tensor2 tensor3 tensor4 tensor5 tensor6 v1x v1y v1z v2x v2y v2z tx ty tz r red green blue alpha id
NPoints = 14
Points = 
60.3368 60 29.1517 0.2481 0.00202 0.339 0 0.00261222 0.00175242 0.0016998 -0.930305 0.142237 0.338084 -0.356307 -0.131702 -0.92504 -0.0870486 -0.981032 0.173203 0 0 0 0 0 0.0017134 8.03866e-005 3.58421e-006 0.00257884 -0.000148626 0.0017722 0 0 0 0 0 0 0 0 0 0.5 0.0870486 0.981032 0.173203 1 -1 
60.2368 59 29.3513 0.3037 0.00184 0.4234 0 0.0024994 0.00163134 0.00140322 -0.99469 0.102111 0.0128271 -0.0324098 -0.19251 -0.98076 -0.0976769 -0.975968 0.194797 0 0 0 0 0 0.00141392 0.000105922 -1.36063e-005 0.0024558 -0.000165332 0.00166424 0 0 0 0 0 0 0 0 0 0.5 0.0976769 0.975968 0.194797 1 -1 
60.154 58 29.5406 0.3303 0.00166 0.4533 0 0.00231875 0.0013594 0.00130582 -0.983601 0.048504 -0.173715 0.161126 -0.196481 -0.967178 -0.0810437 -0.979307 0.185444 0 0 0 0 0 0.00131387 7.86961e-005 -2.35734e-005 0.00227933 -0.000173771 0.00139078 0 0 0 0 0 0 0 0 0 0.5 0.0810437 0.979307 0.185444 1 -1 
60.0977 57 29.7826 0.3161 0.00176 0.4396 0 0.00242096 0.0015359 0.00133615 -0.522467 -0.172646 -0.834998 -0.850908 0.168319 0.497619 -0.054634 -0.970496 0.234847 0 0 0 0 0 0.00148401 2.89098e-005 -9.84991e-005 0.00236355 -0.000230518 0.00144544 0 0 0 0 0 0 0 0 0 0.5 0.054634 0.970496 0.234847 1 -1 
59.8242 56 30.2004 0.27 0.00117 0.3762 0 0.00154227 0.00106392 0.000920768 0.563868 -0.444869 -0.695805 -0.788786 -0.0404876 -0.613333 -0.244681 -0.89468 0.373736 0 0 0 0 0 0.00104705 0.000140626 1.2423e-005 0.00141849 -0.000204259 0.00106143 0 0 0 0 0 0 0 0 0 0.5 0.244681 0.89468 0.373736 1 -1 
59.6538 55 30.7668 0.1675 0.00186 0.2343 0 0.00220978 0.00178216 0.00159521 0.415059 -0.500956 -0.759453 -0.897892 -0.0909663 -0.430715 -0.146685 -0.860679 0.487561 0 0 0 0 0 0.00175915 9.28586e-005 2.83477e-005 0.00205201 -0.00025057 0.00177599 0 0 0 0 0 0 0 0 0 0.5 0.146685 0.860679 0.487561 1 -1 
59.3563 54 31.24 0.2475 0.00171 0.3589 0 0.00216917 0.00166991 0.00130578 -0.0980648 0.449333 0.887966 0.96071 -0.190059 0.202273 -0.259653 -0.872913 0.413041 0 0 0 0 0 0.00170007 0.000129206 -2.18375e-005 0.00197682 -0.000325294 0.00146798 0 0 0 0 0 0 0 0 0 0.5 0.259653 0.872913 0.413041 1 -1 
58.977 53 32.1139 0.2543 0.00128 0.3722 0 0.00162462 0.00125815 0.00095971 0.107585 -0.677032 -0.728047 -0.955497 0.131912 -0.263864 -0.274683 -0.724035 0.632711 0 0 0 0 0 0.00128234 9.4621e-005 -4.03149e-005 0.00131346 -0.000314984 0.00124667 0 0 0 0 0 0 0 0 0 0.5 0.274683 0.724035 0.632711 1 -1 
58.7262 52 33.0499 0.268 0.00102 0.3898 0 0.00132636 0.000994896 0.000764341 0.146282 -0.695299 -0.703676 -0.972709 0.0284104 -0.230281 -0.180106 -0.718159 0.672168 0 0 0 0 0 0.00100071 6.63222e-005 -1.63949e-005 0.00105439 -0.000272806 0.00103049 0 0 0 0 0 0 0 0 0 0.5 0.180106 0.718159 0.672168 1 -1 
57.8349 51 34.0038 0.2542 0.00105 0.3637 0 0.00135385 0.00100753 0.000811047 0.223413 -0.769658 -0.598092 -0.810153 0.194555 -0.552992 -0.541976 -0.608092 0.580074 0 0 0 0 0 0.00109945 0.000147923 -8.26248e-005 0.0010192 -0.000212606 0.00105378 0 0 0 0 0 0 0 0 0 0.5 0.541976 0.608092 0.580074 1 -1 
57.5 50.5 34.5 0.2426 0.00187 0.3339 0 0.0024023 0.0016772 0.00153924 -0.465932 0.760663 0.451994 -0.773662 -0.102348 -0.625278 -0.429365 -0.641028 0.636183 0 0 0 0 0 0.00178093 0.000248468 -0.000169012 0.00189534 -0.000343137 0.00194249 0 0 0 0 0 0 0 0 0 0.5 0.429365 0.641028 0.636183 1 -1 
57.5 50.5 34.5 0.2426 0.00187 0.3339 0 0.0024023 0.0016772 0.00153924 -0.465932 0.760663 0.451994 -0.773662 -0.102348 -0.625278 -0.429365 -0.641028 0.636183 0 0 0 0 0 0.00178093 0.000248468 -0.000169012 0.00189534 -0.000343137 0.00194249 0 0 0 0 0 0 0 0 0 0.5 0.429365 0.641028 0.636183 1 -1 
57.1651 50 34.9962 0.1733 0.00271 0.2398 0 0.00324915 0.00254161 0.00234674 -0.494933 0.78136 0.380154 -0.737792 -0.146774 -0.658878 -0.459024 -0.606575 0.649125 0 0 0 0 0 0.00264296 0.000272364 -0.000174153 0.00268296 -0.000336472 0.00281158 0 0 0 0 0 0 0 0 0 0.5 0.459024 0.606575 0.649125 1 -1 
56.458 49.0655 35.9962 0.1667 0.00217 0.2289 0 0.00259223 0.00199612 0.00192763 0.065593 -0.728087 -0.68234 -0.839211 0.329691 -0.432468 -0.539836 -0.600994 0.589393 0 0 0 0 0 0.00216954 0.000196672 -0.000186602 0.00217512 -0.000245182 0.00217131 0 0 0 0 0 0 0 0 0 0.5 0.539836 0.600994 0.589393 1 -1 
ObjectType = Tube
ObjectSubType = DTI
NDims = 3
ID = 1
ParentID = 2
Color = 1 0 0 1
TransformMatrix = 1 0 0 0 1 0 0 0 1
Offset = 0 0 0
CenterOfRotation = 0 0 0
ElementSpacing = 2 2 2
PointDim = x y z fa adc ga i l1 l2 l3 xevmin yevmin zevmin xevmed yevmed zevmed xevmax yevmax zevmax mri1 mri2 mri3 mri4 mri5 tensor1 tensor2 tensor3 tensor4 tensor5 tensor6 v1x v1y v1z v2x v2y v2z tx ty tz r red green blue alpha id
NPoints = 22
Points = 
61.0466 68.8746 35.6954 0.3686 0.00096 0.5484 0 0.00137172 0.000901389 0.000632125 -0.95501 0.185105 -0.231715 0.199931 0.978909 -0.0420105 -0.219052 0.0864475 0.971876 0 0 0 0 0 0.000678376 3.86933e-005 -0.000159715 0.000895678 5.10648e-005 0.00133118 0 0 0 0 0 0 0 0 0 0.5 0.219052 0.0864475 0.971876 1 -1 
61.1404 68.4797 34.6954 0.3533 0.00135 0.5442 0 0.00186483 0.001334 0.000865451 -0.991386 0.0596979 -0.11658 -0.0979715 -0.928738 0.357556 -0.0869266 0.365898 0.926587 0 0 0 0 0 0.0008775 1.08464e-005 -9.6908e-005 0.00140339 0.000183231 0.00178338 0 0 0 0 0 0 0 0 0 0.5 0.0869266 0.365898 0.926587 1 -1 
61.1796 67.8188 33.6954 0.4002 0.0014 0.5568 0 0.00209331 0.00111295 0.00101587 -0.978028 0.154242 -0.14025 -0.205897 -0.820095 0.533901 -0.0326681 0.551048 0.833834 0 0 0 0 0 0.00102113 -3.003e-006 -4.00214e-005 0.00140833 0.000452559 0.00179266 0 0 0 0 0 0 0 0 0 0.5 0.0326681 0.551048 0.833834 1 -1 
61.1696 67 32.6954 0.4435 0.00133 0.6266 0 0.00206363 0.00104036 0.000900241 -0.982188 0.150057 -0.11309 -0.187742 -0.759037 0.623391 0.00770507 0.633519 0.773689 0 0 0 0 0 0.000905249 2.56466e-005 -9.46403e-006 0.00144789 0.000503929 0.00165109 0 0 0 0 0 0 0 0 0 0.5 0.00770507 0.633519 0.773689 1 -1 
61.1474 66 31.9352 0.4481 0.00138 0.63 0 0.00214938 0.00104798 0.000950726 -0.954446 -0.166854 0.247371 0.29786 -0.581868 0.756775 0.0176669 0.795983 0.605061 0 0 0 0 0 0.000959729 0 3.47362e-005 0.00174311 0.000534468 0.00144525 0 0 0 0 0 0 0 0 0 0.5 0.0176669 0.795983 0.605061 1 -1 
61.0779 65 31.3456 0.3716 0.00159 0.5119 0 0.00232024 0.00124584 0.00123324 -0.997384 0.072136 -0.00474447 -0.0406516 -0.505377 0.861941 0.0597792 0.859878 0.506987 0 0 0 0 0 0.00123715 5.61336e-005 3.25024e-005 0.00204018 0.000468385 0.001522 0 0 0 0 0 0 0 0 0 0.5 0.0597792 0.859878 0.506987 1 -1 
61.0785 64 30.8195 0.5273 0.00131 0.7579 0 0.00220319 0.000896817 0.000847708 -0.933329 -0.167575 0.317514 0.359021 -0.434391 0.82608 -0.000505011 0.884999 0.465593 0 0 0 0 0 0.000854038 -8.2646e-006 1.4246e-005 0.00191862 0.000540903 0.00117506 0 0 0 0 0 0 0 0 0 0.5 0.000505011 0.884999 0.465593 1 -1 
61.0552 63 30.3891 0.3729 0.00147 0.5178 0 0.00213132 0.00120204 0.00107791 -0.967013 -0.0813906 0.241376 0.25383 -0.387418 0.886272 0.0213792 0.918304 0.395297 0 0 0 0 0 0.00108639 8.47477e-006 3.68264e-005 0.00198486 0.000339771 0.00134002 0 0 0 0 0 0 0 0 0 0.5 0.0213792 0.918304 0.395297 1 -1 
61.0356 62 30.0474 0.2987 0.00181 0.4206 0 0.00244492 0.00164436 0.00136583 -0.987632 -0.0329989 0.15328 0.15569 -0.322077 0.933824 0.0185528 0.946138 0.323231 0 0 0 0 0 0.00137295 4.9752e-006 4.69659e-005 0.0023607 0.000246238 0.00172146 0 0 0 0 0 0 0 0 0 0.5 0.0185528 0.946138 0.323231 1 -1 
60.8853 61 30.141 0.2478 0.00099 0.352 0 0.00127362 0.000944258 0.000777022 -0.941713 0.168747 0.291036 0.302121 0.043654 0.95227 -0.147987 -0.984692 0.0920914 0 0 0 0 0 0.000803163 7.45716e-005 4.13459e-005 0.00125886 -3.80807e-005 0.000932886 0 0 0 0 0 0 0 0 0 0.5 0.147987 0.984692 0.0920914 1 -1 
60.7404 60 30.1705 0.2854 0.00105 0.4033 0 0.00140345 0.000971663 0.000800423 -0.847919 0.137972 0.511856 0.510378 -0.0486091 0.858575 -0.14334 -0.989243 0.0292014 0 0 0 0 0 0.000857419 8.12595e-005 7.25129e-005 0.00139095 -2.45664e-005 0.000927167 0 0 0 0 0 0 0 0 0 0.5 0.14334 0.989243 0.0292014 1 -1 
60.5514 59 30.1333 0.2522 0.00123 0.3618 0 0.00157529 0.00118153 0.000945552 -0.542095 0.0713534 0.837283 -0.819572 0.175138 -0.545553 0.185567 0.981955 0.036462 0 0 0 0 0 0.00112574 8.08777e-005 0.000109772 0.00156001 0 0.00101662 0 0 0 0 0 0 0 0 0 0.5 0.185567 0.981955 0.036462 1 -1 
60.4325 58 30.0916 0.2279 0.00133 0.3174 0 0.00167917 0.00123477 0.00108459 -0.608536 0.0392556 0.792555 -0.784705 0.118746 -0.60839 0.117995 0.992148 0.0414571 0 0 0 0 0 0.00118534 5.56128e-005 7.46062e-005 0.00167198 1.36063e-005 0.0011412 0 0 0 0 0 0 0 0 0 0.5 0.117995 0.992148 0.0414571 1 -1 
60.3107 57 30.3 0.2545 0.00159 0.3502 0 0.00206935 0.00141585 0.00129923 -0.851445 0.204427 0.482961 -0.510898 -0.115365 -0.851865 -0.118427 -0.97206 0.202668 0 0 0 0 0 0.00134047 9.55276e-005 3.22692e-005 0.00202846 -0.000140257 0.00141549 0 0 0 0 0 0 0 0 0 0.5 0.118427 0.97206 0.202668 1 -1 
60.1899 56 30.7022 0.3997 0.00163 0.5584 0 0.00243294 0.00131701 0.00116391 -0.966037 0.188001 0.177278 -0.23316 -0.338436 -0.911645 -0.111393 -0.922018 0.370776 0 0 0 0 0 0.00118798 0.000142419 -1.98702e-005 0.00226027 -0.000386595 0.00146561 0 0 0 0 0 0 0 0 0 0.5 0.111393 0.922018 0.370776 1 -1 
60.1175 55 31.2984 0.2131 0.00187 0.2948 0 0.00233834 0.00172785 0.00156785 -0.116522 0.514814 0.849346 0.991252 0.00690344 0.131805 -0.0619918 -0.857274 0.511115 0 0 0 0 0 0.00172802 4.20415e-005 -3.50881e-006 0.0021341 -0.000337455 0.00177191 0 0 0 0 0 0 0 0 0 0.5 0.0619918 0.857274 0.511115 1 -1 
59.8201 54 31.7716 0.2475 0.00171 0.3589 0 0.00216917 0.00166991 0.00130578 -0.0980648 0.449333 0.887966 0.96071 -0.190059 0.202273 -0.259653 -0.872913 0.413041 0 0 0 0 0 0.00170007 0.000129206 -2.18375e-005 0.00197682 -0.000325294 0.00146798 0 0 0 0 0 0 0 0 0 0.5 0.259653 0.872913 0.413041 1 -1 
59.5169 53 32.5079 0.294 0.00147 0.4077 0 0.00198955 0.00130353 0.00114668 0.480883 -0.609716 -0.630078 -0.844102 -0.127566 -0.520786 -0.237155 -0.782287 0.576007 0 0 0 0 0 0.00130585 0.000173261 -4.61867e-005 0.00166505 -0.000369379 0.00146887 0 0 0 0 0 0 0 0 0 0.5 0.237155 0.782287 0.576007 1 -1 
59.1622 52 33.2144 0.2618 0.00146 0.3616 0 0.00191499 0.0013093 0.00117752 0.138744 0.538177 0.831334 0.950427 -0.308242 0.040925 -0.278277 -0.784444 0.554265 0 0 0 0 0 0.00135367 0.000122379 -0.000108622 0.00164385 -0.00032231 0.0014043 0 0 0 0 0 0 0 0 0 0.5 0.278277 0.784444 0.554265 1 -1 
58.811 51 34.0846 0.2986 0.00112 0.4261 0 0.00151173 0.00104387 0.000832232 0.076525 -0.669657 -0.738718 -0.963621 0.140616 -0.227293 -0.256083 -0.729237 0.634535 0 0 0 0 0 0.00107331 9.82167e-005 -6.40606e-005 0.00119777 -0.000321187 0.00111676 0 0 0 0 0 0 0 0 0 0.5 0.256083 0.729237 0.634535 1 -1 
58.5 50.5 34.5 0.2733 0.0019 0.3849 0 0.00249419 0.00174993 0.00146059 0.109131 -0.674518 -0.730148 -0.895437 0.252226 -0.366844 -0.431605 -0.693836 0.576462 0 0 0 0 0 0.00188513 0.000244176 -0.00016212 0.00197658 -0.000440179 0.00184301 0 0 0 0 0 0 0 0 0 0.5 0.431605 0.693836 0.576462 1 -1 
58.5 50.5 34.5 0.2733 0.0019 0.3849 0 0.00249419 0.00174993 0.00146059 0.109131 -0.674518 -0.730148 -0.895437 0.252226 -0.366844 -0.431605 -0.693836 0.576462 0 0 0 0 0 0.00188513 0.000244176 -0.00016212 0.00197658 -0.000440179 0.00184301 0 0 0 0 0 0 0 0 0 0.5 0.431605 0.693836 0.576462 1 -1 
ObjectType = Tube
ObjectSubType = DTI
NDims = 3
ID = 1
ParentID = 2
Color = 1 0 0 1
TransformMatrix = 1 0 0 0 1 0 0 0 1
Offset = 0 0 0
CenterOfRotation = 0 0 0
ElementSpacing = 2 2 2
PointDim = x y z fa adc ga i l1 l2 l3 xevmin yevmin zevmin xevmed yevmed zevmed xevmax yevmax zevmax mri1 mri2 mri3 mri4 mri5 tensor1 tensor2 tensor3 tensor4 tensor5 tensor6 v1x v1y v1z v2x v2y v2z tx ty tz r red green blue alpha id
NPoints = 28
Points = 
61.0947 68.9635 36.4189 0.2904 0.00083 0.4086 0 0.00111979 0.00076271 0.000635761 0.979873 -0.131402 0.150277 -0.107009 -0.981256 -0.160265 -0.16852 -0.140958 0.975568 0 0 0 0 0 0.000650961 2.48278e-005 -7.73985e-005 0.000767613 -4.65969e-005 0.00109969 0 0 0 0 0 0 0 0 0 0.5 0.16852 0.140958 0.975568 1 -1 
61.3201 68.8746 35.4189 0.3686 0.00096 0.5484 0 0.00137172 0.000901389 0.000632125 -0.95501 0.185105 -0.231715 0.199931 0.978909 -0.0420105 -0.219052 0.0864475 0.971876 0 0 0 0 0 0.000678376 3.86933e-005 -0.000159715 0.000895678 5.10648e-005 0.00133118 0 0 0 0 0 0 0 0 0 0.5 0.219052 0.0864475 0.971876 1 -1 
61.4139 68.4797 34.4189 0.3533 0.00135 0.5442 0 0.00186483 0.001334 0.000865451 -0.991386 0.0596979 -0.11658 -0.0979715 -0.928738 0.357556 -0.0869266 0.365898 0.926587 0 0 0 0 0 0.0008775 1.08464e-005 -9.6908e-005 0.00140339 0.000183231 0.00178338 0 0 0 0 0 0 0 0 0 0.5 0.0869266 0.365898 0.926587 1 -1 
61.4531 67.8188 33.4189 0.4002 0.0014 0.5568 0 0.00209331 0.00111295 0.00101587 -0.978028 0.154242 -0.14025 -0.205897 -0.820095 0.533901 -0.0326681 0.551048 0.833834 0 0 0 0 0 0.00102113 -3.003e-006 -4.00214e-005 0.00140833 0.000452559 0.00179266 0 0 0 0 0 0 0 0 0 0.5 0.0326681 0.551048 0.833834 1 -1 
61.4432 67 32.4189 0.4435 0.00133 0.6266 0 0.00206363 0.00104036 0.000900241 -0.982188 0.150057 -0.11309 -0.187742 -0.759037 0.623391 0.00770507 0.633519 0.773689 0 0 0 0 0 0.000905249 2.56466e-005 -9.46403e-006 0.00144789 0.000503929 0.00165109 0 0 0 0 0 0 0 0 0 0.5 0.00770507 0.633519 0.773689 1 -1 
61.421 66 31.6587 0.4481 0.00138 0.63 0 0.00214938 0.00104798 0.000950726 -0.954446 -0.166854 0.247371 0.29786 -0.581868 0.756775 0.0176669 0.795983 0.605061 0 0 0 0 0 0.000959729 0 3.47362e-005 0.00174311 0.000534468 0.00144525 0 0 0 0 0 0 0 0 0 0.5 0.0176669 0.795983 0.605061 1 -1 
61.3514 65 31.0691 0.3716 0.00159 0.5119 0 0.00232024 0.00124584 0.00123324 -0.997384 0.072136 -0.00474447 -0.0406516 -0.505377 0.861941 0.0597792 0.859878 0.506987 0 0 0 0 0 0.00123715 5.61336e-005 3.25024e-005 0.00204018 0.000468385 0.001522 0 0 0 0 0 0 0 0 0 0.5 0.0597792 0.859878 0.506987 1 -1 
61.352 64 30.543 0.5273 0.00131 0.7579 0 0.00220319 0.000896817 0.000847708 -0.933329 -0.167575 0.317514 0.359021 -0.434391 0.82608 -0.000505011 0.884999 0.465593 0 0 0 0 0 0.000854038 -8.2646e-006 1.4246e-005 0.00191862 0.000540903 0.00117506 0 0 0 0 0 0 0 0 0 0.5 0.000505011 0.884999 0.465593 1 -1 
61.3287 63 30.1126 0.3729 0.00147 0.5178 0 0.00213132 0.00120204 0.00107791 -0.967013 -0.0813906 0.241376 0.25383 -0.387418 0.886272 0.0213792 0.918304 0.395297 0 0 0 0 0 0.00108639 8.47477e-006 3.68264e-005 0.00198486 0.000339771 0.00134002 0 0 0 0 0 0 0 0 0 0.5 0.0213792 0.918304 0.395297 1 -1 
61.2587 62 29.8778 0.6488 0.00125 1.0304 0 0.00235132 0.000832437 0.000577131 -0.972961 0.115131 -0.20023 -0.220734 -0.208269 0.952838 0.0679991 0.971272 0.228051 0 0 0 0 0 0.000597774 0.000128915 -2.6184e-005 0.00226192 0.000342318 0.000901194 0 0 0 0 0 0 0 0 0 0.5 0.0679991 0.971272 0.228051 1 -1 
61.1954 61 29.7585 0.6147 0.00132 0.9256 0 0.00241117 0.000833853 0.00073069 -0.997146 0.0672509 -0.034304 -0.0419449 -0.115715 0.992396 0.0627701 0.991003 0.118206 0 0 0 0 0 0.000737493 0.000105036 8.17457e-006 0.00238245 0.000185009 0.000855771 0 0 0 0 0 0 0 0 0 0.5 0.0627701 0.991003 0.118206 1 -1 
61.1524 60 29.6401 0.5554 0.00144 0.8341 0 0.00247385 0.00107185 0.000792188 -0.993672 0.0543469 -0.0982941 -0.103907 -0.112521 0.988202 0.0426455 0.992162 0.117456 0 0 0 0 0 0.000798266 7.44228e-005 -2.02926e-005 0.00245113 0.000164877 0.00108849 0 0 0 0 0 0 0 0 0 0.5 0.0426455 0.992162 0.117456 1 -1 
61.0776 59 29.6558 0.5086 0.00154 0.7296 0 0.00253473 0.0011093 0.000981829 0.968399 -0.0686365 0.239775 0.238005 -0.0330234 -0.970702 0.0745438 0.997095 -0.0156441 0 0 0 0 0 0.000997678 0.000114421 -3.12602e-005 0.00252586 -2.0137e-005 0.00110232 0 0 0 0 0 0 0 0 0 0.5 0.0745438 0.997095 0.0156441 1 -1 
60.9949 58 29.8451 0.3303 0.00166 0.4533 0 0.00231875 0.0013594 0.00130582 -0.983601 0.048504 -0.173715 0.161126 -0.196481 -0.967178 -0.0810437 -0.979307 0.185444 0 0 0 0 0 0.00131387 7.86961e-005 -2.35734e-005 0.00227933 -0.000173771 0.00139078 0 0 0 0 0 0 0 0 0 0.5 0.0810437 0.979307 0.185444 1 -1 
61.0668 57 30.1521 0.2084 0.00246 0.2865 0 0.00306702 0.00224412 0.00209808 -0.295049 -0.29975 -0.907246 -0.953015 0.0241361 0.301959 0.068615 -0.953712 0.292788 0 0 0 0 0 0.00223528 -6.67657e-005 -2.25602e-005 0.00297948 -0.000269498 0.00219446 0 0 0 0 0 0 0 0 0 0.5 0.068615 0.953712 0.292788 1 -1 
61.0002 56 30.4811 0.2595 0.00231 0.3684 0 0.00298345 0.00217112 0.00178004 -0.538994 -0.230608 -0.810127 -0.839941 0.219226 0.496426 -0.0631207 -0.948029 0.311859 0 0 0 0 0 0.00206074 0 -0.000186757 0.00288041 -0.000313228 0.00199346 0 0 0 0 0 0 0 0 0 0.5 0.0631207 0.948029 0.311859 1 -1 
60.9279 55 31.0773 0.2131 0.00187 0.2948 0 0.00233834 0.00172785 0.00156785 -0.116522 0.514814 0.849346 0.991252 0.00690344 0.131805 -0.0619918 -0.857274 0.511115 0 0 0 0 0 0.00172802 4.20415e-005 -3.50881e-006 0.0021341 -0.000337455 0.00177191 0 0 0 0 0 0 0 0 0 0.5 0.0619918 0.857274 0.511115 1 -1 
60.7088 54 31.6176 0.3271 0.00184 0.4596 0 0.0025482 0.00162367 0.00135584 0.0732763 0.461598 0.884058 0.979183 -0.201546 0.0240736 -0.189291 -0.86389 0.466757 0 0 0 0 0 0.00165536 0.000142126 -9.9035e-005 0.00225659 -0.000482091 0.00161577 0 0 0 0 0 0 0 0 0 0.5 0.189291 0.86389 0.466757 1 -1 
60.3185 53 32.3498 0.1659 0.00219 0.2393 0 0.00256749 0.00219771 0.00183097 0.184915 -0.626532 -0.757142 -0.935728 0.123224 -0.330499 -0.300366 -0.769593 0.563477 0 0 0 0 0 0.00221854 0.000127967 -1.12364e-005 0.00227276 -0.000334328 0.00210488 0 0 0 0 0 0 0 0 0 0.5 0.300366 0.769593 0.563477 1 -1 
59.9638 52 33.0563 0.2618 0.00146 0.3616 0 0.00191499 0.0013093 0.00117752 0.138744 0.538177 0.831334 0.950427 -0.308242 0.040925 -0.278277 -0.784444 0.554265 0 0 0 0 0 0.00135367 0.000122379 -0.000108622 0.00164385 -0.00032231 0.0014043 0 0 0 0 0 0 0 0 0 0.5 0.278277 0.784444 0.554265 1 -1 
59.7501 51 34.0307 0.2519 0.00145 0.3533 0 0.00186825 0.00134399 0.00114429 0.249324 0.647954 0.719717 0.956529 -0.280875 -0.0784913 -0.151292 -0.708 0.689816 0 0 0 0 0 0.00134357 2.38953e-005 -9.05477e-005 0.00152294 -0.000349171 0.00149001 0 0 0 0 0 0 0 0 0 0.5 0.151292 0.708 0.689816 1 -1 
59.5 50.5 34.5 0.4114 0.00157 0.5755 0 0.00236983 0.00125231 0.0011117 0.2 0.615526 0.762317 0.917938 -0.389781 0.0738974 -0.342623 -0.684981 0.642971 0 0 0 0 0 0.00137787 0.000244959 -0.000267622 0.00172337 -0.000558156 0.00163259 0 0 0 0 0 0 0 0 0 0.5 0.342623 0.684981 0.642971 1 -1 
59.5 50.5 34.5 0.4114 0.00157 0.5755 0 0.00236983 0.00125231 0.0011117 0.2 0.615526 0.762317 0.917938 -0.389781 0.0738974 -0.342623 -0.684981 0.642971 0 0 0 0 0 0.00137787 0.000244959 -0.000267622 0.00172337 -0.000558156 0.00163259 0 0 0 0 0 0 0 0 0 0.5 0.342623 0.684981 0.642971 1 -1 
59.2499 50 34.9693 0.2673 0.00238 0.3671 0 0.00312809 0.00208097 0.00193117 -0.329997 -0.591149 -0.735965 -0.88281 0.469351 0.0188439 -0.334287 -0.655936 0.676757 0 0 0 0 0 0.00218167 0.00020038 -0.000273272 0.00247914 -0.000529999 0.00247941 0 0 0 0 0 0 0 0 0 0.5 0.334287 0.655936 0.676757 1 -1 
58.756 49.0308 35.9693 0.2904 0.00183 0.4093 0 0.00244907 0.00167352 0.00138768 0.300916 0.608656 0.734158 0.808853 -0.570704 0.141611 -0.505179 -0.551213 0.664047 0 0 0 0 0 0.00184556 0.000163606 -0.000323314 0.00180327 -0.0004116 0.00186144 0 0 0 0 0 0 0 0 0 0.5 0.505179 0.551213 0.664047 1 -1 
57.9952 48.2007 36.9693 0.2483 0.00204 0.3455 0 0.00263129 0.00187193 0.00163839 -0.13644 -0.834204 -0.534311 -0.837434 0.385263 -0.387656 -0.529234 -0.394558 0.751156 0 0 0 0 0 0.00208027 0.000131983 -0.000318899 0.00182762 -0.00032915 0.00223371 0 0 0 0 0 0 0 0 0 0.5 0.529234 0.394558 0.751156 1 -1 
57.2906 47.6754 37.9693 0.2275 0.00214 0.3146 0 0.00270268 0.00195457 0.00176511 -0.0559128 -0.817181 -0.573663 -0.744473 0.416981 -0.521427 -0.665307 -0.397922 0.631684 0 0 0 0 0 0.00228512 0.000189398 -0.000320481 0.00194651 -0.000276864 0.00219074 0 0 0 0 0 0 0 0 0 0.5 0.665307 0.397922 0.631684 1 -1 
56.2906 47.0773 38.9188 0.2789 0.00169 0.4083 0 0.00220652 0.00164461 0.00123859 -0.00937811 0.940109 0.340746 -0.705739 0.235186 -0.668296 -0.708409 -0.246745 0.661266 0 0 0 0 0 0.00192656 0.000101799 -0.000261928 0.00131998 -0.000221746 0.00184317 0 0 0 0 0 0 0 0 0 0.5 0.708409 0.246745 0.661266 1 -1 
ObjectType = Tube
ObjectSubType = DTI
NDims = 3
ID = 1
ParentID = 2
Color = 1 0 0 1
TransformMatrix = 1 0 0 0 1 0 0 0 1
Offset = 0 0 0
CenterOfRotation = 0 0 0
ElementSpacing = 2 2 2
PointDim = x y z fa adc ga i l1 l2 l3 xevmin yevmin zevmin xevmed yevmed zevmed xevmax yevmax zevmax mri1 mri2 mri3 mri4 mri5 tensor1 tensor2 tensor3 tensor4 tensor5 tensor6 v1x v1y v1z v2x v2y v2z tx ty tz r red green blue alpha id
NPoints = 36
Points = 
60.0265 61 30.1166 0.2478 0.00099 0.352 0 0.00127362 0.000944258 0.000777022 -0.941713 0.168747 0.291036 0.302121 0.043654 0.95227 -0.147987 -0.984692 0.0920914 0 0 0 0 0 0.000803163 7.45716e-005 4.13459e-005 0.00125886 -3.80807e-005 0.000932886 0 0 0 0 0 0 0 0 0 0.5 0.147987 0.984692 0.0920914 1 -1 
59.8384 60 29.9088 0.1571 0.0022 0.219 0 0.00259245 0.00210532 0.00191524 0.704754 0.0147817 -0.709297 0.685933 -0.269487 0.675923 0.181155 0.962891 0.200062 0 0 0 0 0 0.0020269 8.29926e-005 0.000112669 0.00255693 9.58337e-005 0.00202919 0 0 0 0 0 0 0 0 0 0.5 0.181155 0.962891 0.200062 1 -1 
59.8353 59 30.068 0.4541 0.00071 0.6782 0 0.00110942 0.00061747 0.000428753 -0.79641 0.0974734 0.596851 0.60475 0.123389 0.786799 -0.00304742 -0.98756 0.157215 0 0 0 0 0 0.000497777 1.61304e-005 8.94687e-005 0.00109546 -8.73585e-005 0.000562403 0 0 0 0 0 0 0 0 0 0.5 0.00304742 0.98756 0.157215 1 -1 
59.7223 58 30.3328 0.5337 0.00063 0.8661 0 0.00104031 0.000547664 0.000305753 -0.634012 0.264062 0.726842 0.765666 0.0824162 0.637936 -0.108551 -0.960978 0.254437 0 0 0 0 0 0.000456228 9.18913e-005 9.78723e-005 0.000985745 -0.000166887 0.000451756 0 0 0 0 0 0 0 0 0 0.5 0.108551 0.960978 0.254437 1 -1 
59.5318 57 30.5759 0.5339 0.00069 0.8339 0 0.00114736 0.000569097 0.000355431 -0.785296 0.283453 0.550422 -0.591757 -0.0822555 -0.801909 -0.182028 -0.955452 0.23233 0 0 0 0 0 0.000456492 0.000148133 6.79008e-005 0.00107982 -0.0001617 0.000535577 0 0 0 0 0 0 0 0 0 0.5 0.182028 0.955452 0.23233 1 -1 
59.2583 56 30.9937 0.27 0.00117 0.3762 0 0.00154227 0.00106392 0.000920768 0.563868 -0.444869 -0.695805 -0.788786 -0.0404876 -0.613333 -0.244681 -0.89468 0.373736 0 0 0 0 0 0.00104705 0.000140626 1.2423e-005 0.00141849 -0.000204259 0.00106143 0 0 0 0 0 0 0 0 0 0.5 0.244681 0.89468 0.373736 1 -1 
59.1242 55 31.4672 0.3783 0.00106 0.5821 0 0.00150905 0.00102851 0.000662864 -0.133658 0.438722 0.888627 0.983701 -0.0500995 0.172692 -0.120284 -0.897225 0.424875 0 0 0 0 0 0.00102893 7.33017e-005 1.88702e-005 0.00134497 -0.000325737 0.000826521 0 0 0 0 0 0 0 0 0 0.5 0.120284 0.897225 0.424875 1 -1 
58.9266 54 32.331 0.316 0.00093 0.511 0 0.00119696 0.00101288 0.000598912 0.246965 -0.660919 -0.708657 -0.957672 -0.0548549 -0.282586 0.147893 0.74845 -0.646491 0 0 0 0 0 0.000991657 8.79453e-005 5.48494e-005 0.000935171 -0.000282958 0.000881924 0 0 0 0 0 0 0 0 0 0.5 0.147893 0.74845 0.646491 1 -1 
58.9368 53 33.2176 0.3705 0.00075 0.599 0 0.0010396 0.000782195 0.000451817 0.189469 -0.650298 -0.735673 -0.981857 -0.131306 -0.136805 -0.00763417 0.748246 -0.663378 0 0 0 0 0 0.00077035 3.92358e-005 4.7354e-005 0.000786598 -0.000285825 0.000716668 0 0 0 0 0 0 0 0 0 0.5 0.00763417 0.748246 0.663378 1 -1 
58.6756 52 34.0649 0.4005 0.0007 0.5744 0 0.00103962 0.000601114 0.000470198 0.312634 -0.660296 -0.682839 -0.929542 -0.0647314 -0.362991 -0.19548 -0.74821 0.63401 0 0 0 0 0 0.000605074 9.11608e-005 -2.63991e-005 0.000789519 -0.000267041 0.000716337 0 0 0 0 0 0 0 0 0 0.5 0.19548 0.74821 0.63401 1 -1 
58.5 51.5 34.5 0.2986 0.00112 0.4261 0 0.00151173 0.00104387 0.000832232 0.076525 -0.669657 -0.738718 -0.963621 0.140616 -0.227293 -0.256083 -0.729237 0.634535 0 0 0 0 0 0.00107331 9.82167e-005 -6.40606e-005 0.00119777 -0.000321187 0.00111676 0 0 0 0 0 0 0 0 0 0.5 0.256083 0.729237 0.634535 1 -1 
58.5 51.5 34.5 0.2986 0.00112 0.4261 0 0.00151173 0.00104387 0.000832232 0.076525 -0.669657 -0.738718 -0.963621 0.140616 -0.227293 -0.256083 -0.729237 0.634535 0 0 0 0 0 0.00107331 9.82167e-005 -6.40606e-005 0.00119777 -0.000321187 0.00111676 0 0 0 0 0 0 0 0 0 0.5 0.256083 0.729237 0.634535 1 -1 
58.3244 51 34.9351 0.2733 0.0019 0.3849 0 0.00249419 0.00174993 0.00146059 0.109131 -0.674518 -0.730148 -0.895437 0.252226 -0.366844 -0.431605 -0.693836 0.576462 0 0 0 0 0 0.00188513 0.000244176 -0.00016212 0.00197658 -0.000440179 0.00184301 0 0 0 0 0 0 0 0 0 0.5 0.431605 0.693836 0.576462 1 -1 
57.7024 50 35.7659 0.2103 0.00198 0.289 0 0.00247313 0.00180246 0.00168737 -0.0959262 -0.73279 -0.673659 -0.786011 0.471006 -0.400424 -0.610725 -0.491093 0.621163 0 0 0 0 0 0.00205155 0.000193061 -0.000261865 0.00190241 -0.000261401 0.002009 0 0 0 0 0 0 0 0 0 0.5 0.610725 0.491093 0.621163 1 -1 
56.7192 49.2094 36.7659 0.2786 0.00132 0.3964 0 0.00173473 0.00123016 0.000995434 -0.0516747 -0.816329 -0.57527 -0.751096 0.411406 -0.516332 -0.658167 -0.405402 0.634401 0 0 0 0 0 0.0014481 0.00012473 -0.000217659 0.00115667 -0.000239999 0.00135555 0 0 0 0 0 0 0 0 0 0.5 0.658167 0.405402 0.634401 1 -1 
55.7192 48.5934 37.7298 0.1906 0.00194 0.2706 0 0.0023448 0.0018867 0.00160111 -0.290641 -0.787944 -0.542837 -0.638534 0.58224 -0.503261 -0.712603 -0.200352 0.672352 0 0 0 0 0 0.0020952 0 -0.00026454 0.00172778 -0.000183862 0.00200963 0 0 0 0 0 0 0 0 0 0.5 0.712603 0.200352 0.672352 1 -1 
54.7192 48.3123 38.6733 0.248 0.00148 0.3432 0 0.00191774 0.00134625 0.00120496 -0.418715 -0.871913 -0.25386 0.545912 -0.46507 0.696915 -0.725712 0.153224 0.67072 0 0 0 0 0 0.00162246 -0.00011513 -0.00029319 0.00125226 2.74579e-005 0.00159424 0 0 0 0 0 0 0 0 0 0.5 0.725712 0.153224 0.67072 1 -1 
53.7192 48.5234 39.5975 0.2966 0.00134 0.4166 0 0.00181243 0.00121729 0.00101962 -0.377865 -0.921933 0.0851927 0.606055 -0.176734 0.77554 -0.69994 0.344681 0.625523 0 0 0 0 0 0.00148064 -0.000212442 -0.000254207 0.00111999 0.000143841 0.00144872 0 0 0 0 0 0 0 0 0 0.5 0.69994 0.344681 0.625523 1 -1 
52.7192 49.0159 40.4912 0.4082 0.00115 0.5937 0 0.00171129 0.00100111 0.000747924 -0.220727 -0.835464 0.503268 0.753433 0.181617 0.631945 -0.61937 0.518666 0.589378 0 0 0 0 0 0.00126122 -0.000274833 -0.000231121 0.00101544 0.000323552 0.00118368 0 0 0 0 0 0 0 0 0 0.5 0.61937 0.518666 0.589378 1 -1 
51.7192 49.8533 41.4428 0.241 0.00108 0.3361 0 0.00137772 0.000996067 0.00086706 -0.1978 -0.728857 0.655471 -0.921354 -0.0900383 -0.378154 -0.334638 0.67872 0.653726 0 0 0 0 0 0.00103376 -0.000105282 -6.67657e-005 0.00110335 0.000230972 0.00110374 0 0 0 0 0 0 0 0 0 0.5 0.334638 0.67872 0.653726 1 -1 
51.2261 50.8533 42.406 0.3467 0.00103 0.4835 0 0.00146134 0.000881752 0.000761572 -0.247357 -0.604493 0.757234 -0.95719 0.0311915 -0.287774 -0.150338 0.796 0.58633 0 0 0 0 0 0.000887498 -8.73293e-005 -2.85792e-005 0.00120507 0.000325518 0.00101209 0 0 0 0 0 0 0 0 0 0.5 0.150338 0.796 0.58633 1 -1 
51.0373 51.8533 43.1426 0.1582 0.00105 0.2304 0 0.00121378 0.00106916 0.000878405 -0.232591 -0.365839 0.901146 0.950298 -0.282658 0.130527 0.206964 0.886717 0.4134 0 0 0 0 0 0.00106503 1.03096e-005 5.23555e-005 0.00115734 0.000115901 0.00093897 0 0 0 0 0 0 0 0 0 0.5 0.206964 0.886717 0.4134 1 -1 
51.2707 52.8533 43.6088 0.3104 0.00124 0.4365 0 0.00169905 0.00111793 0.000930291 0.623115 0.200184 -0.756078 0.780999 -0.107278 0.615249 -0.0420524 0.973868 0.22319 0 0 0 0 0 0.0010461 -4.72049e-005 8.29483e-005 0.00166156 0.000154711 0.00103961 0 0 0 0 0 0 0 0 0 0.5 0.0420524 0.973868 0.22319 1 -1 
51.2275 53.8533 43.838 0.4275 0.00135 0.6125 0 0.00206005 0.00112123 0.000890822 0.649574 0.134298 -0.748343 0.756561 -0.016709 0.653709 -0.0752877 0.9908 0.112458 0 0 0 0 0 0.00102933 -9.01309e-005 0.000104053 0.0020387 0.000127762 0.00100407 0 0 0 0 0 0 0 0 0 0.5 0.0752877 0.9908 0.112458 1 -1 
51.1515 54.8533 43.9515 0.3731 0.00134 0.5375 0 0.00193687 0.00119216 0.000915507 -0.867557 -0.0272927 0.496588 0.492537 0.0912534 0.865494 0.068937 -0.995454 0.0657249 0 0 0 0 0 0.000987474 -5.76555e-005 0.000122561 0.00192991 -4.49741e-005 0.00112715 0 0 0 0 0 0 0 0 0 0.5 0.068937 0.995454 0.0657249 1 -1 
51.0822 55.8533 43.8854 0.3339 0.00146 0.4703 0 0.00203666 0.0012896 0.00106632 -0.930037 0.0569517 0.363025 -0.367395 -0.124793 -0.921655 -0.00718686 -0.990547 0.136986 0 0 0 0 0 0.00109651 1.71445e-005 7.46481e-005 0.00202187 -0.000105985 0.00127419 0 0 0 0 0 0 0 0 0 0.5 0.00718686 0.990547 0.136986 1 -1 
51.0895 56.8533 43.7471 0.3196 0.00162 0.4398 0 0.0022382 0.0013645 0.00126083 -0.666149 0.0415992 0.744657 0.744941 0.0855235 0.661626 0.0361626 -0.995467 0.0879604 0 0 0 0 0 0.00131964 -2.85792e-005 5.42046e-005 0.00223012 -7.97139e-005 0.00131377 0 0 0 0 0 0 0 0 0 0.5 0.0361626 0.995467 0.0879604 1 -1 
51.0532 57.8533 43.6588 0.2695 0.00177 0.3744 0 0.00232643 0.00159461 0.00139656 -0.607846 0.0525917 0.792311 0.792817 0.0958948 0.601868 0.0443253 -0.994001 0.0999848 0 0 0 0 0 0.00152287 -2.59125e-005 9.86236e-005 0.00231713 -8.09847e-005 0.0014776 0 0 0 0 0 0 0 0 0 0.5 0.0443253 0.994001 0.0999848 1 -1 
51.0086 58.8533 43.5582 0.2476 0.00172 0.3396 0 0.00222565 0.00152177 0.00142723 -0.644393 -0.0482123 0.763173 0.75675 0.103275 0.645494 0.109937 -0.993484 0.030065 0 0 0 0 0 0.00149102 -7.98151e-005 4.88192e-005 0.00221629 -1.75456e-005 0.00146735 0 0 0 0 0 0 0 0 0 0.5 0.109937 0.993484 0.030065 1 -1 
50.8979 59.8533 43.5279 0.2654 0.00134 0.3665 0 0.00176037 0.00119649 0.00107569 -0.928885 -0.00785023 -0.370285 -0.367769 -0.0986969 0.924665 -0.0438049 0.995087 0.088791 0 0 0 0 0 0.00109334 -2.54601e-005 -4.37437e-005 0.00175484 4.947e-005 0.00118438 0 0 0 0 0 0 0 0 0 0.5 0.0438049 0.995087 0.088791 1 -1 
50.8539 60.8533 43.6172 0.2554 0.0011 0.3732 0 0.00140693 0.00108436 0.000829863 -0.995449 -0.0919945 -0.024849 -0.00143473 -0.24627 0.9692 -0.0952806 0.964826 0.245017 0 0 0 0 0 0.000835103 -5.29595e-005 -1.38258e-005 0.00138248 7.56728e-005 0.00110357 0 0 0 0 0 0 0 0 0 0.5 0.0952806 0.964826 0.245017 1 -1 
50.7551 61.8533 43.8711 0.1788 0.00089 0.2622 0 0.00105187 0.000914218 0.000728388 -0.978541 -0.202904 -0.0358909 0.0868797 -0.564223 0.821039 -0.186843 0.800302 0.569743 0 0 0 0 0 0.000741083 -5.74795e-005 -2.11796e-005 0.00099473 6.14104e-005 0.000958661 0 0 0 0 0 0 0 0 0 0.5 0.186843 0.800302 0.569743 1 -1 
50.5217 62.8533 44.583 0.1988 0.00104 0.2861 0 0.00126321 0.00102964 0.000842769 -0.983837 -0.17521 -0.0369657 0.0794785 -0.612255 0.786656 -0.160462 0.771003 0.616284 0 0 0 0 0 0.000854775 -6.11089e-005 -2.9894e-005 0.00116275 0.000109772 0.0011181 0 0 0 0 0 0 0 0 0 0.5 0.160462 0.771003 0.616284 1 -1 
50.3136 63.8533 45.3823 0.2003 0.00092 0.277 0 0.00113337 0.000853296 0.000778272 0.373862 0.501539 -0.780183 0.909017 -0.365165 0.200853 0.18416 0.784292 0.592429 0 0 0 0 0 0.000852309 2.6385e-005 5.24398e-005 0.0010067 0.00015949 0.000905928 0 0 0 0 0 0 0 0 0 0.5 0.18416 0.784292 0.592429 1 -1 
50.5484 64.8533 46.1377 0.1872 0.0008 0.2563 0 0.000979136 0.000724091 0.000707456 0.252499 -0.784894 0.56585 -0.886535 0.0466483 0.460304 0.387686 0.617872 0.684057 0 0 0 0 0 0.000761364 6.43904e-005 6.5261e-005 0.00081121 0.000115186 0.000838109 0 0 0 0 0 0 0 0 0 0.5 0.387686 0.617872 0.684057 1 -1 
51.1151 65.7565 47.1377 0.1812 0.00077 0.2554 0 0.000932238 0.000749606 0.000651403 0.371347 -0.715363 0.591909 -0.834111 0.0230171 0.551116 0.407872 0.698373 0.588145 0 0 0 0 0 0.000766446 7.81095e-005 2.22259e-005 0.000788425 0.000116597 0.000778375 0 0 0 0 0 0 0 0 0 0.5 0.407872 0.698373 0.588145 1 -1 
ObjectType = Tube
ObjectSubType = DTI
NDims = 3
ID = 1
ParentID = 2
Color = 1 0 0 1
TransformMatrix = 1 0 0 0 1 0 0 0 1
Offset = 0 0 0
CenterOfRotation = 0 0 0
ElementSpacing = 2 2 2
PointDim = x y z fa adc ga i l1 l2 l3 xevmin yevmin zevmin xevmed yevmed zevmed xevmax yevmax zevmax mri1 mri2 mri3 mri4 mri5 tensor1 tensor2 tensor3 tensor4 tensor5 tensor6 v1x v1y v1z v2x v2y v2z tx ty tz r red green blue alpha id
NPoints = 23
Points = 
